header:
  seq: 0
  stamp:
    secs: 1504071530
    nsecs: 0
  frame_id: ''
height: 860
width: 1656
distortion_model: rational_polynomial
K: [942.095198, 0.0, 746.175818, 0.0, 942.430334, 515.642023, 0.0, 0.0, 1.0]
R: [1.0, 0.0, 0.0, 0.0, 1.0, 0.0, 0.0, 0.0, 1.0]
P: [942.095198, 0.0, 746.175818, 0.0, 0.0, 942.430334, 515.642023, 0.0, 0.0, 0.0, 1.0, 0.0]

