header:
  seq: 0
  stamp:
    secs: 1504071530
    nsecs: 0
  frame_id: ''
height: 1716
width: 2464
distortion_model: rational_polynomial
K: [3656.311177, 0.0, 1225.812961, 0.0, 3671.211662, 993.655164, 0.0, 0.0, 1.0]
R: [1.0, 0.0, 0.0, 0.0, 1.0, 0.0, 0.0, 0.0, 1.0]
P: [3656.311177, 0.0, 1225.812961, 0.0, 0.0, 3671.211662, 993.655164, 0.0, 0.0, 0.0, 1.0, 0.0]

