header:
  seq: 0
  stamp:
    secs: 1504071530
    nsecs: 0
  frame_id: ''
height: 860
width: 1656
distortion_model: rational_polynomial
K: [942.846085, 0.0, 771.938426, 0.0, 943.100676, 530.859978, 0.0, 0.0, 1.0]
R: [1.0, 0.0, 0.0, 0.0, 1.0, 0.0, 0.0, 0.0, 1.0]
P: [942.846085, 0.0, 771.938426, 0.0, 0.0, 943.100676, 530.859978, 0.0, 0.0, 0.0, 1.0, 0.0]

