header:
  seq: 0
  stamp:
    secs: 1504071530
    nsecs: 0
  frame_id: ''
height: 860
width: 1656
distortion_model: rational_polynomial
K: [945.391406, 0.0, 873.658662, 0.0, 945.668274, 566.372868, 0.0, 0.0, 1.0]
R: [1.0, 0.0, 0.0, 0.0, 1.0, 0.0, 0.0, 0.0, 1.0]

# Since this is the right camera, the  Ty = Tz = 0, Tx = -fx' * B (m) [B = 0.5764]
P: [945.391406, 0.0, 873.658662, -536.41508, 0.0, 945.668274, 566.372868, 0.0, 0.0, 0.0, 1.0, 0.0]

