calib_time: 09-Jan-2012 14:00:15
corner_dist: 9.950000e-02
S_00: 1.392000e+03 5.120000e+02
K_00: 1.50863114e+03 0.00000000e+00 5.60271682e+02 0.00000000e+00 1.50356480e+03 9.43095140e+02 0.00000000e+00 0.00000000e+00 1.00000000e+00
D_00: 3.03727139e-01 -4.41047122e+00 -3.46829733e-03  8.60479926e-03 2.17732703e+01
R_00: 1.000000e+00 0.000000e+00 0.000000e+00 0.000000e+00 1.000000e+00 0.000000e+00 0.000000e+00 0.000000e+00 1.000000e+00
T_00: -9.251859e-17 8.326673e-17 -7.401487e-17
